88
93
91
0
82
19
36
88
97
54
25
50
71
97
84
76
88
65
14
81
59
39
47
28
71
75
53
44
15
77
73
9
27
9
47
39
0
45
92
49
45
38
76
85
15
79
37
41
78
64
72
53
57
63
82
16
39
15
11
73
27
86
82
31
82
81
78
50
79
25
99
68
19
44
48
98
17
48
75
15
35
63
53
83
39
60
80
59
57
5
78
45
90
98
8
90
92
17
23
39
66
98
85
48
63
41
56
42
22
25
94
93
93
91
37
57
6
87
65
36
9
23
94
76
19
62
63
9
87
62
35
5
15
69
43
47
1
40
92
30
82
53
55
86
70
11
46
93
62
24
94
43
99
78
37
10
0
49
88
55
9
4
44
16
48
25
57
0
48
26
93
8
81
1
14
60
40
0
18
73
15
6
45
92
14
28
1
95
83
24
18
18
59
70
61
73
58
83
37
95
38
26
74
22
75
29
17
58
93
37
69
83
40
62
0
43
99
37
25
75
29
74
17
33
89
28
35
74
73
83
61
33
21
38
63
83
55
16
10
72
10
47
53
2
87
7
95
72
19
73
57
94
94
44
73
84
3
24
68
16
25
20
28
64
6
35
65
99
82
71
64
78
22
58
44
77
38
18
29
8
19
78
58
97
45
2
43
3
28
35
99
63
82
15
38
21
16
31
95
81
24
89
80
0
15
5
57
22
78
27
98
53
38
39
35
22
80
7
38
74
74
56
84
12
47
79
16
88
1
14
49
71
13
95
85
78
59
1
17
16
99
89
58
0
31
46
36
78
1
76
71
93
7
17
56
89
97
13
49
94
23
47
31
40
21
97
71
36
79
61
31
35
24
52
94
54
73
0
58
74
49
48
41
8
12
86
58
88
77
76
17
85
36
31
62
96
55
66
86
10
87
14
79
55
87
21
17
1
25
4
72
44
0
88
16
15
57
80
78
35
96
17
65
27
42
78
1
43
61
94
79
88
79
55
57
88
82
56
35
47
3
39
66
62
98
51
56
27
69
83
85
56
77
12
64
26
69
3
57
17
49
99
57
7
6
61
38
38
46
44
17
10
43
60
33
63
58
18
82
34
58
54
22
5
71
88
46
12
27
62
48
23
40
86
20
49
74
43
37
14
19
26
26
24
96
96
16
82
2
88
77
13
86
30
45
76
1
69
40
27
15
25
5
95
17
58
69
84
37
22
87
86
41
70
86
40
39
46
99
57
80
59
85
25
38
82
55
20
28
1
33
61
48
93
33
98
6
32
59
26
40
62
22
59
23
99
86
89
1
55
15
51
21
76
47
8
18
27
67
61
48
17
77
57
99
49
22
68
65
91
10
41
78
62
32
6
83
61
4
21
92
39
3
32
17
53
30
20
14
88
69
15
61
12
17
35
92
10
67
2
24
37
7
43
69
35
13
25
67
29
51
99
80
21
51
96
99
86
94
64
1
94
97
70
34
3
92
35
35
7
12
98
49
30
89
62
47
28
3
22
0
31
32
35
55
33
91
75
37
30
64
95
13
49
32
42
8
65
38
9
59
38
78
86
76
23
96
9
38
34
24
59
37
22
77
25
19
81
0
65
65
34
59
83
28
32
65
15
92
96
83
29
49
47
96
61
43
56
93
12
80
16
40
74
72
43
81
13
70
74
65
26
92
34
59
15
83
60
1
5
64
52
20
11
74
51
42
50
92
64
7
15
6
47
25
62
3
97
33
59
50
3
51
86
94
57
36
55
33
24
18
24
72
79
68
23
87
38
72
15
69
36
94
41
27
7
1
86
64
41
15
4
28
58
36
38
50
23
63
23
20
93
78
89
70
14
40
49
67
39
87
47
88
51
70
68
81
47
99
44
89
59
5
38
87
7
10
40
46
73
35
83
6
6
53
10
76
52
10
54
77
59
31
70
34
14
80
84
22
64
96
99
50
90
11
2
1
27
73
49
32
43
81
15
73
12
22
64
84
10
52
52
96
9
26
8
26
89
99
95
91
57
47
75
61
30
0
85
96
66
3
58
65
20
84
19
87
63
13
64
52
31
30
73
29
10
6
17
26
59
60
54
16
35
16
68
64
1
32
57
49
79
22
17
5
21
28
40
36
90
66
16
13
81
34
95
96
54
18
85
24
68
25
1
45
13
83
2
77
80
67
40
92
31
34
84
80
49
57
36
62
61
97
98
66
84
22
48
73
8
51
32
85
49
20
20
9
16
5
69
50
38
90
0
45
25
49
78
21
1
8
88
59
22
35
49
49
53
10
74
20
80
39
78
9
94
97
80
34
39
45
57
72
64
11
91
75
6
93
82
66
29
48
53
73
54
52
8
36
28
72
31
52
51
32
7
68
18
34
63
22
87
20
91
2
45
45
11
12
25
2
18
17
76
37
41
70
16
98
81
68
68
18
30
71
45
54
40
33
58
9
71
2
40
48
89
34
19
21
78
62
43
54
1
51
10
0
42
71
74
71
71
61
62
79
58
95
89
39
87
14
46
58
18
85
49
35
40
34
86
9
55
90
60
11
79
44
25
20
94
15
32
78
82
63
85
52
89
1
56
38
1
25
1
11
34
41
39
61
97
35
67
0
90
48
15
8
68
43
98
41
55
96
39
4
82
25
38
60
46
80
21
40
95
47
31
62
34
20
77
80
42
9
74
47
47
71
89
94
48
69
40
4
60
92
15
12
71
5
45
19
97
14
37
50
16
32
41
99
9
28
40
30
61
96
78
1
34
85
5
95
31
7
45
12
96
4
19
78
17
61
21
45
98
69
96
85
75
71
23
4
9
91
39
27
37
72
72
2
15
96
92
82
29
79
33
93
65
16
87
54
52
22
38
43
13
30
97
5
50
54
24
87
89
22
31
93
49
52
7
58
98
69
85
4
86
82
17
7
86
0
97
73
73
52
61
52
31
5
13
80
52
43
17
55
61
84
80
2
79
85
92
70
43
88
29
55
11
43
97
39
59
47
62
10
10
54
10
33
82
86
59
28
88
71
1
73
81
31
53
33
74
59
59
97
23
53
75
74
46
64
68
36
64
39
41
85
92
66
28
12
15
85
88
8
68
38
97
3
89
33
31
15
78
62
63
96
60
87
80
13
32
79
10
75
33
2
64
67
48
94
16
11
95
1
63
97
63
48
17
4
9
83
61
51
3
54
20
17
95
99
44
65
42
29
33
27
14
25
35
63
4
83
1
78
0
51
53
42
49
8
28
57
78
89
4
57
57
30
32
74
49
17
6
37
14
90
66
88
36
76
35
29
86
49
0
88
95
43
1
39
94
31
90
44
82
19
59
61
16
23
28
7
56
57
47
13
86
6
32
86
9
14
16
34
52
39
85
12
57
1
24
96
70
30
88
4
58
20
99
36
56
69
95
50
38
87
86
58
61
